function [time, OCR_FC_S1, OCR_FC_S123, OCR_FC_S2, OCR_FC_S3,...
    OCR_norm_S1, OCR_norm_S123, OCR_norm_S2, OCR_norm_S3,...
    OCR_norm_IncEnDem] = exptData_OCR
%%%%%%%%%%%%%%%%%%%%%%%%%%%%%%%%%%%%%%%%%%%%%%%%%%%%%%%%%%%%%%%%%%%%%%%
%%% TMRM experimental data from Padova WT
%%%%%%%%%%%%%%%%%%%%%%%%%%%%%%%%%%%%%%%%%%%%%%%%%%%%%%%%%%%%%%%%%%%%%%%

% Time in mins - include negative time to allow for addition of increased
% energy demand
time = [-19.5 -13 -6.5 0 6.5 13 19.5 26 32.5 39 45.5 52 58.5 65 71.5];  

% OCR FC data
% Taken from 4th timepoint on, as expts include 6 timepoints baseline
% First three datapoints apply to negative timepoints
% FC Data from Series 1
OCR_FC_S1 = [0 0 0 0.963718527 0.97357917 0.974499458 0.444665951 0.489469034...
    0.538053108 1.975700353 1.958298588 1.96532844 0.275345524...
    0.275698723 0.260945539 ];
% FC Data from Series 1,2,3 combined
OCR_FC_S123 = [0 0 0 0.98594056 0.988396563 0.996492188 0.464286738 0.508960431...
    0.541615165 2.057921572 1.95800915 1.828705711 0.305246571...
    0.296778044 0.291267526]; 
% FC Data from Series 2
OCR_FC_S2 = [0 0 0 0.992320814 0.991886661 1.006342104 0.441499863 0.488506258...
    0.521419483 2.393565369 2.226034746 2.172186082 0.300639674...
    0.308877172 0.307053042];   
% FC Data from Series 3
OCR_FC_S3 = [0 0 0 0.99807003 0.995584967 1.006345002 0.489349523 0.532597186...
    0.553100422 1.958548 1.827763357 1.562372722 0.329907706...
    0.306861029 0.30698629];    

% Padova OCR normalised/converted data (pmol O2/min/ug protein) [Glucose]
% After subtracting non-mitochondrial respiration
% First three datapoints apply to negative timepoints
% Series 1
OCR_norm_S1 = [0 0 0 4.856816737 5.0825158 5.098767326 1.220165115 1.567222022...
    1.903289454 12.47240263 12.75520697 12.55641851 0.020861085...
    0.043252888 -0.064113973 ]; 
% Series 1, 2 and 3 combined
OCR_norm_S123 = [0 0 0 7.482437336 7.566355046 7.660838072 1.777148068 2.237633976...
    2.522540595 19.70885385 18.56344459 16.58530724 0.076470185...
    -0.002784804 -0.073685381]; 
% Series 2
OCR_norm_S2 = [0 0 0 7.457911764 7.473281455 7.621632645 1.477199441 1.986926817...
    2.345088391 22.58276348 20.72907586 20.09750662 -0.051619698...
    0.034426324 0.017193374]; 
% Series 3
OCR_norm_S3 = [0 0 0 9.506858396 9.514066143 9.643388177 2.344144359 2.868613148...
    3.08011083 23.91564197 22.00579883 18.03509555 0.178879108...
    -0.055445561 -0.123433547];    

% Padova OCR increased energy demand
OCR_norm_IncEnDem = [9.2 9.5 9.1 14.5 14.2 14.1 2.3 3.2 3.6 25.4 24.6 24.4 0.0 0.1 0.0];

end