function [timeROF, timeOCR, timeIncEnDem, timeFR, NADH_Glc_ROF_FC,...
    NADH_Glc_OF_FC, NADH_Glc_IncEnDem_FC, NADH_Glc_FR_FC,...
    NADH_Glc_ROF_cal, NADH_Glc_OF_cal, NADH_Glc_IncEnDem_cal,...
    NADH_Glc_FR_cal] = exptData_NADH 
%%%%%%%%%%%%%%%%%%%%%%%%%%%%%%%%%%%%%%%%%%%%%%%%%%%%%%%%%%%%%%%%%%%%%
% Experimental data from Padova WT cells (median)
% Taken from "Autofluo Padova - Niamh.xls" - median of WT
% NADH_Glc_ROF_FC = NADH (FC) in response to Rotenone and Oligo 
% NADH_Glc_OF_FC = NADH (FC) in response to Oligo and FCCP
% NADH_Glc_FR_FC = NADH (FC) in response to FCCP and Rotenone
% NADH_Glc_IncEnDem_FC = NADH in response to Gramicidin 
% NADH_Glc_ROF_cal = calibrated NADH(FC) ROF
% NADH_Glc_OF_cal = calibrated NADH(FC) OF
% NADH_Glc_FR_cal = calibrated NADH(FC) FR
%%%%%%%%%%%%%%%%%%%%%%%%%%%%%%%%%%%%%%%%%%%%%%%%%%%%%%%%%%%%%%%%%%%%%

% False time to align with simulations
timeROF = 5:1/12:20; % Rotenone expt
timeOCR = [13:1/12:21.2 34.25:1/12:41]; % Seahorse expt (Oligo + FCCP)
timeIncEnDem = -2:1/12:23;
timeFR = [5:1/12:12.2 37.2:1/12:45];

% Import FC values
NADH_Glc_ROF_FC = [1.029659574
1.022481829
1.010089784
1.01520858
1.010851651
1.014619829
1.012022445
1.016782756
1.00650344
1.009878258
0.997901684
1.010633466
0.99636096
1.005914615
0.997346804
1.001117262
1.008518325
0.995018022
1.006895262
0.992601407
0.994937942
0.997042321
1.001885934
0.997143795
0.991357663
1.001052426
1.003082034
0.989446136
0.997800927
0.994946379
1.004595553
0.992415356
0.993315282
1.003142642
0.9859601
1.00043204
1.001676301
0.994874764
0.995893417
0.996840005
1.008190766
0.991511071
0.98045105
0.994635242
1.000733004
0.994692955
1.000181915
0.993879147
0.989124402
0.993595277
0.987387064
1.00548718
0.998708955
0.99735792
0.991694354
0.983825622
0.985121287
0.995867446
0.991688987
0.996989236
1.001262824
1.002248818
1.006575894
1.050212512
1.114192587
1.185830147
1.265501881
1.290455579
1.320575876
1.352243984
1.365542259
1.363877186
1.365422825
1.384010269
1.388678256
1.39456559
1.386231363
1.390465946
1.412158474
1.401418013
1.438394203
1.415623768
1.414470026
1.418717679
1.427896259
1.431999993
1.430884341
1.440939134
1.44326858
1.455644598
1.43895216
1.461136288
1.455888504
1.446683187
1.477534501
1.477679788
1.480845825
1.475101751
1.479173807
1.491931267
1.478002058
1.485597632
1.478470069
1.490025446
1.485814325
1.497216567
1.484779939
1.501529528
1.512263224
1.501560505
1.496387492
1.50582189
1.512878879
1.509573375
1.496984299
1.511042543
1.49598128
1.505804989
1.503369948
1.501348853
1.550039595
1.549447764
1.500542081
1.520339266
1.536451532
1.51377425
1.519027376
1.514195994
1.520839191
1.523824705
1.51047817
1.519573497
1.513355563
1.539149872
1.527262371
1.521900907
1.530829139
1.560527133
1.507904304
1.526554069
1.555867946
1.528777957
1.518290125
1.535335477
1.524679857
1.533556877
1.56153966
1.546525611
1.556543248
1.52103081
1.536354137
1.549319503
1.546048448
1.558091693
1.540960111
1.541195794
1.531304526
1.553041996
1.537757599
1.523405456
1.545106419
1.562405883
1.550504976
1.525893719
1.539858537
1.557268604
1.542752396
1.546940828
1.555577388
1.521997224
1.55646316
1.562544133
1.539198161
1.534793845
1.542573585
1.549717714
1.563640655
1.572740689
1.545979479
1.556517985
1.534631302
];

NADH_Glc_OF_FC = [1.037871128
1.035320671
1.031075289
1.039898022
1.018841604
1.021037375
1.022468864
1.017794935
1.028897482
1.006717855
1.00318879
1.010324445
1.018573577
1.00160518
1.004678852
0.996715475
1.003341802
1.004763653
1.008884858
0.993699833
0.994096857
0.999138116
0.993733755
1.004480644
1.01196712
0.988085415
0.989762329
0.992604738
0.98676167
0.989916316
0.998171984
0.990147096
0.989570702
1.002783126
1.002786517
0.997475865
1.002064249
1.000889781
0.999693919
0.998168352
0.998483425
0.968668032
0.999550556
0.984341779
0.99284402
0.985223611
0.988510262
0.996005524
0.980411324
0.992915916
1.001143718
0.992350403
0.990110745
0.980508694
0.984170288
0.987609594
0.986880685
0.994852401
0.992606203
0.995324369
0.983747257
0.991225081
0.982792687
0.987325699
1.001795871
1.023476516
1.056121548
1.111025487
1.20357131
1.263282425
1.326371561
1.367594846
1.379210288
1.414326931
1.426038561
1.413360347
1.448731047
1.467199509
1.465385578
1.478820788
1.472592751
1.509094815
1.478033668
1.469836299
1.482332791
1.462424027
1.471834352
1.45410358
1.455728901
1.46442439
1.474302707
1.478054405
1.515411465
1.487301862
1.473123028
1.463615524
1.472317489
1.48318025
1.461882489
1.47068338
1.472716994
1.491019427
1.485552098
1.462008084
1.482015782
1.492274618
1.496319189
1.483915725
1.496802481
1.459074292
1.481604735
1.465147192
1.488624562
1.499218787
1.494045593
1.47470597
1.470858815
1.480616223
1.496802481
1.474411703
1.403322541
0.930255982
0.755284946
0.729051742
0.690204587
0.68343129
0.680561902
0.658687951
0.666714689
0.673545345
0.654458528
0.660608852
0.660009032
0.658865345
0.641269024
0.676892925
0.668674107
0.675681546
0.65820321
0.67875237
0.666146569
0.669865563
0.650023654
0.669353507
0.680667389
0.694043733
0.667647291
0.655429604
0.674310158
0.637642405
0.68878135
0.640788093
0.673766254
0.651603225
0.66243389
0.686863414
0.683145131
0.717681098
0.643633364
0.691019205
0.663870505
0.684183383
0.678051334
0.6500359
0.661698971
0.684229448
0.659063661
0.648234951
0.660229049
0.666108653
0.66531705
0.661446304
0.647489017
0.645866621
0.669969044
0.630341128
0.629806844
0.619842869
0.640160527
0.639037923
0.635444516
    ];

